              precision    recall  f1-score   support

           0       0.99      0.98      0.98       980
           1       0.99      0.99      0.99      1135
           2       0.97      0.98      0.98      1032
           3       0.96      0.98      0.97      1010
           4       0.97      0.98      0.98       982
           5       0.99      0.95      0.97       892
           6       0.98      0.99      0.98       958
           7       0.97      0.97      0.97      1028
           8       0.97      0.97      0.97       974
           9       0.97      0.97      0.97      1009

    accuracy                           0.98     10000
   macro avg       0.98      0.98      0.98     10000
weighted avg       0.98      0.98      0.98     10000

[[ 957    1    5    0    2    1    5    4    3    2]
 [   0 1122    2    2    0    0    4    2    3    0]
 [   1    0 1016    3    2    0    1    7    2    0]
 [   0    0    6  994    0    2    0    3    4    1]
 [   0    1    2    0  962    0    5    2    1    9]
 [   1    2    0   21    0  844    7    1   11    5]
 [   3    2    0    0    3    2  945    0    3    0]
 [   0    1   14    1    2    0    0 1002    1    7]
 [   0    1    4   12    2    0    0    5  946    4]
 [   2    2    0    4   15    0    1    7    3  975]]